5 7
1
2
3
4
5
4 15
3
5
7
11
5 12
6
7
7
1
7
40 16000
1000
1000
1000
1000
1000
1000
1000
1000
1000
1000
1000
1000
1000
1000
1000
1000
1000
1000
1000
1000
1000
1000
1000
1000
1000
1000
1000
1000
1000
1000
1000
1000
1000
1000
1000
1000
1000
1000
1000
1000
40 20
1000
999
998
997
996
995
994
993
992
991
990
989
988
987
986
985
984
983
982
981
980
979
978
977
976
975
974
973
972
971
970
969
968
967
966
965
964
963
962
961
40 5208
724
65
312
648
689
364
994
38
826
882
723
707
643
540
347
734
516
431
645
656
932
964
45
872
503
605
449
526
954
638
332
771
871
981
435
999
59
428
40
234
13 -151
205
528
492
255
317
225
673
191
977
983
260
940
415
22 -1745
443
747
683
474
258
512
195
44
198
618
965
247
323
21
714
912
887
935
883
605
123
200
21 1009
204
610
297
257
651
800
328
225
643
368
92
327
890
840
478
67
84
860
31
669
182
6 976
61
173
433
4
55
828
32 1321
745
446
359
354
258
385
261
458
288
965
343
99
315
330
210
155
636
281
318
776
807
13
37
353
926
791
215
513
708
387
925
594
11 2488
434
52
982
951
766
4
781
801
653
121
515
34 -1423
468
112
96
252
795
315
446
192
648
907
325
5
751
281
156
138
357
562
586
209
57
568
284
292
880
507
492
774
614
6
870
362
439
227
15 -157
644
458
498
607
337
38
375
215
211
344
941
928
987
503
215
29 1916
440
661
26
705
540
519
788
767
311
237
660
328
799
567
729
403
891
769
353
890
270
978
326
498
321
385
570
136
439
0 0